Operator                      : Lahcen el amri 
Date                          :Tue May 14 21:55:19 GMT 2024
Name of the analyzed file     : 8H4275.Chn
Comment                       : first tst

           Channel                                                 Energy                                                 FWHM                                                 Net area                                        Background                                       Error (%)

001M    15,00E00                                            48,76E-01                                            81,49E-02                                            21,04E04                                            14,29E04                                            33,47E-02
002M    22,00E00                                            64,59E-01                                            82,76E-02                                            65,70E03                                            42,73E04                                            14,60E-01
003S    15,40E01                                            36,30E00                                            96,00E-02                                            23,40E02                                            16,00E04                                            22,38E00
004S    18,60E01                                            43,54E00                                            98,17E-02                                            22,22E04                                            17,96E04                                            40,72E-02
005S    19,70E01                                            46,02E00                                            98,88E-02                                            51,53E02                                            13,35E04                                            13,21E00
006M    21,10E01                                            49,19E00                                            99,75E-02                                            78,66E03                                            12,72E04                                            73,36E-02
007M    21,80E01                                            50,77E00                                            10,02E-01                                            21,43E03                                            14,73E04                                            26,23E-01
008S    26,10E01                                            60,49E00                                            10,27E-01                                            27,68E03                                            13,49E04                                            19,71E-01
009S    31,70E01                                            73,15E00                                            10,56E-01                                            36,11E02                                            14,90E04                                            21,62E00
010S    32,70E01                                            75,41E00                                            10,61E-01                                            55,54E02                                            16,10E04                                            14,36E00
011S    37,80E01                                            86,94E00                                            10,85E-01                                            15,37E05                                            20,97E04                                            91,00E-03
012S    46,00E01                                            10,55E01                                            11,21E-01                                            12,24E05                                            21,72E04                                            10,52E-02
013S    47,80E01                                            10,96E01                                            11,29E-01                                            55,32E02                                            20,88E04                                            11,76E00
014S    51,10E01                                            11,70E01                                            11,42E-01                                            14,70E03                                            19,95E04                                            43,77E-01
015S    53,80E01                                            12,31E01                                            11,53E-01                                            69,73E05                                            20,92E04                                            38,99E-03
016S    57,50E01                                            13,15E01                                            11,67E-01                                            33,74E02                                            96,02E03                                            13,10E00
017S    63,90E01                                            14,60E01                                            11,90E-01                                            39,75E02                                            88,24E03                                            10,69E00
018S    75,60E01                                            17,24E01                                            12,30E-01                                            10,83E03                                            97,10E03                                            41,82E-01
019S    77,20E01                                            17,60E01                                            12,35E-01                                            38,97E04                                            10,07E04                                            19,73E-02
020S    82,50E01                                            18,80E01                                            12,52E-01                                            33,67E03                                            11,61E04                                            15,97E-01
021S    89,50E01                                            20,38E01                                            12,74E-01                                            17,97E03                                            12,15E04                                            29,72E-01
022S    91,20E01                                            20,77E01                                            12,79E-01                                            11,86E03                                            12,18E04                                            44,61E-01
023S    10,00E02                                            22,76E01                                            13,04E-01                                            59,48E02                                            11,30E04                                            84,81E-01
024S    10,19E02                                            23,19E01                                            13,10E-01                                            27,39E02                                            10,96E04                                            18,03E00
025S    10,88E02                                            24,75E01                                            13,29E-01                                            83,08E04                                            10,72E04                                            12,43E-02
026S    13,41E02                                            30,47E01                                            13,94E-01                                            22,76E02                                            75,81E03                                            18,07E00
027S    13,72E02                                            31,17E01                                            14,02E-01                                            23,72E02                                            73,72E03                                            17,10E00
028S    14,12E02                                            32,07E01                                            14,12E-01                                            17,60E03                                            74,94E03                                            24,28E-01
029S    15,25E02                                            34,63E01                                            14,38E-01                                            18,53E02                                            71,35E03                                            21,51E00
030S    16,32E02                                            37,05E01                                            14,62E-01                                            65,08E02                                            71,69E03                                            62,27E-01
031S    16,74E02                                            37,99E01                                            14,72E-01                                            45,41E03                                            72,94E03                                            99,92E-02
032S    17,48E02                                            39,67E01                                            14,88E-01                                            15,26E02                                            73,38E03                                            28,75E00
033S    17,66E02                                            40,07E01                                            14,92E-01                                            13,42E03                                            74,26E03                                            33,82E-01
034S    17,96E02                                            40,75E01                                            14,98E-01                                            53,08E02                                            73,62E03                                            77,05E-01
035S    18,84E02                                            42,74E01                                            15,17E-01                                            81,63E04                                            83,76E03                                            12,36E-02
036S    19,58E02                                            44,42E01                                            15,32E-01                                            45,30E03                                            74,76E03                                            10,46E-01
037S    20,41E02                                            46,29E01                                            15,49E-01                                            26,56E04                                            72,75E03                                            24,98E-02
038S    20,61E02                                            46,74E01                                            15,53E-01                                            38,45E02                                            69,74E03                                            10,76E00
039S    21,07E02                                            47,78E01                                            15,62E-01                                            15,09E03                                            69,08E03                                            28,18E-01
040S    22,83E02                                            51,76E01                                            15,96E-01                                            28,68E02                                            70,36E03                                            14,45E00
041S    24,58E02                                            55,72E01                                            16,28E-01                                            15,27E03                                            56,66E03                                            25,47E-01
042S    25,66E02                                            58,16E01                                            16,47E-01                                            48,35E03                                            51,74E03                                            85,90E-02
043S    26,10E02                                            59,16E01                                            16,55E-01                                            26,83E04                                            53,53E03                                            23,48E-02
044S    26,49E02                                            60,04E01                                            16,62E-01                                            35,25E04                                            55,48E03                                            19,77E-02
045S    26,76E02                                            60,65E01                                            16,67E-01                                            99,29E03                                            49,24E03                                            46,97E-02
046S    27,05E02                                            61,30E01                                            16,72E-01                                            50,87E02                                            46,83E03                                            67,38E-01
047S    27,58E02                                            62,50E01                                            16,81E-01                                            15,86E03                                            46,93E03                                            22,60E-01
048S    28,05E02                                            63,57E01                                            16,89E-01                                            21,27E04                                            49,86E03                                            27,10E-02
049S    28,65E02                                            64,92E01                                            16,99E-01                                            42,69E02                                            46,66E03                                            79,87E-01
050S    29,32E02                                            66,44E01                                            17,10E-01                                            14,07E02                                            47,23E03                                            24,08E00
051S    29,62E02                                            67,11E01                                            17,15E-01                                            31,44E03                                            48,25E03                                            12,20E-01
052S    29,85E02                                            67,63E01                                            17,19E-01                                            75,39E02                                            44,95E03                                            45,06E-01
053S    30,55E02                                            69,22E01                                            17,31E-01                                            84,07E03                                            43,91E03                                            51,77E-02
054S    31,58E02                                            71,55E01                                            17,47E-01                                            97,30E02                                            42,41E03                                            34,32E-01
055S    31,92E02                                            72,31E01                                            17,53E-01                                            92,98E04                                            56,11E03                                            11,15E-02
056S    33,40E02                                            75,66E01                                            17,76E-01                                            19,85E04                                            49,55E03                                            28,82E-02
057S    36,00E02                                            81,54E01                                            18,16E-01                                            22,15E03                                            35,32E03                                            15,24E-01
058S    37,32E02                                            84,52E01                                            18,36E-01                                            25,56E03                                            32,08E03                                            12,91E-01
059S    37,55E02                                            85,04E01                                            18,39E-01                                            86,49E02                                            30,89E03                                            34,49E-01
060S    38,55E02                                            87,30E01                                            18,54E-01                                            47,07E04                                            35,78E03                                            15,95E-02
061S    38,85E02                                            87,98E01                                            18,58E-01                                            45,25E02                                            26,42E03                                            59,79E-01
062S    39,41E02                                            89,25E01                                            18,66E-01                                            19,60E03                                            25,04E03                                            14,85E-01
063S    39,92E02                                            90,40E01                                            18,74E-01                                            32,94E03                                            25,12E03                                            95,16E-02
064S    40,81E02                                            92,41E01                                            18,86E-01                                            21,40E02                                            24,41E03                                            11,97E00
065S    43,99E02                                            99,60E01                                            19,30E-01                                            36,28E04                                            39,49E03                                            18,80E-02
066S    44,37E02                                            10,05E02                                            19,35E-01                                            62,20E04                                            45,93E03                                            13,84E-02
067S    49,39E02                                            11,18E02                                            20,02E-01                                            38,36E02                                            15,06E03                                            55,91E-01
068S    49,84E02                                            11,28E02                                            20,07E-01                                            12,67E03                                            14,01E03                                            17,99E-01
069S    50,38E02                                            11,40E02                                            20,14E-01                                            75,73E02                                            11,42E03                                            26,26E-01
070S    51,26E02                                            11,60E02                                            20,25E-01                                            12,69E02                                            82,85E02                                            12,33E00
071S    52,48E02                                            11,88E02                                            20,41E-01                                            27,57E02                                            56,52E02                                            49,44E-01
072S    54,83E02                                            12,41E02                                            20,70E-01                                            33,74E02                                            51,10E02                                            43,02E-01
073S    55,05E02                                            12,46E02                                            20,72E-01                                            24,42E03                                            56,26E02                                            85,58E-02
074S    56,31E02                                            12,75E02                                            20,88E-01                                            97,80E04                                            33,31E03                                            10,58E-02
075S    56,97E02                                            12,89E02                                            20,96E-01                                            38,80E01                                            29,14E02                                            23,83E00
076S    61,76E02                                            13,98E02                                            21,52E-01                                            78,26E02                                            16,20E02                                            14,21E-01
077S    62,23E02                                            14,08E02                                            21,57E-01                                            68,10E01                                            12,20E02                                            94,00E-01
078S    66,04E02                                            14,95E02                                            22,00E-01                                            16,65E03                                            12,78E02                                            85,44E-02
079S    67,98E02                                            15,38E02                                            22,21E-01                                            13,74E02                                            32,20E01                                            34,72E-01
080S    70,58E02                                            15,97E02                                            22,50E-01                                            41,93E03                                            25,43E02                                            52,82E-02
081S    76,02E02                                            17,20E02                                            23,07E-01                                            19,48E02                                            16,60E01                                            25,39E-01